0.0 0.0
0.5400843881856541 1.3164556962025318
0.8270042194092829 1.8734177215189873
1.7046413502109707 2.430379746835443
3.1561181434599157 2.9367088607594938
4.388185654008439 3.2067510548523206
5.772151898734178 3.409282700421941
6.936708860759495 3.5105485232067513
8.050632911392405 3.5611814345991566
9.603375527426161 3.5443037974683542
11.375527426160339 3.443037974683545
13.147679324894515 3.2742616033755274
15.358649789029538 3.0210970464135025
17.029535864978907 2.7679324894514767
18.734177215189874 2.481012658227848
21.248945147679326 1.9071729957805907
23.443037974683545 1.29957805907173
21.012658227848103 1.2320675105485233
18.37974683544304 1.2151898734177216
16.320675105485233 1.1476793248945147
14.632911392405067 1.0632911392405064
12.270042194092827 0.9789029535864979
10.649789029535867 0.9451476793248946
8.303797468354432 0.8101265822784811
5.907172995780591 0.708860759493671
3.6793248945147687 0.6582278481012659
1.9915611814345993 0.708860759493671
1.0801687763713081 0.8607594936708862
0.5232067510548524 1.29957805907173
