0.0 0.0
0.6060606060606061 1.3679653679653678
0.8658008658008658 1.9047619047619047
1.7316017316017316 2.3722943722943723
2.787878787878788 2.8051948051948052
4.363636363636363 3.2207792207792205
5.2640692640692635 3.359307359307359
6.528138528138529 3.463203463203463
7.463203463203464 3.5324675324675328
9.67965367965368 3.567099567099567
11.497835497835498 3.445887445887446
13.74891774891775 3.2380952380952377
17.10822510822511 2.7705627705627704
19.965367965367967 2.1991341991341993
23.532467532467532 1.3333333333333333
23.393939393939394 1.2640692640692641
20.761904761904763 1.1948051948051948
16.658008658008658 1.1082251082251082
12.813852813852813 0.9696969696969697
9.558441558441558 0.8484848484848485
6.666666666666667 0.6926406926406926
4.138528138528138 0.6406926406926408
2.5281385281385282 0.658008658008658
1.142857142857143 0.8311688311688312
0.761904761904762 1.0909090909090908
0.6060606060606061 1.3333333333333333
